-3.793504e-01,1.813975e-01,
-2.705137e-02,-6.489697e-01,
-1.741135e-01,-1.048772e+00,
1.280630e+00,-1.316052e+00,
4.293215e-03,4.474981e-01,
-2.484349e-02,1.491485e+00,
-6.596708e-01,-6.620112e-01,
-1.009708e+00,-3.797084e-01,
-6.474772e-01,-4.673338e-01,
1.448427e-01,-7.584192e-01,
-1.909074e+00,-5.836517e-01,
2.926886e-01,1.516468e+00,
-5.413137e-01,-4.157160e-01,
1.852587e-01,-8.734492e-01,
2.352982e+00,-6.912166e-01,
4.655822e-01,1.746551e-01,
6.298184e-01,-2.127140e-01,
2.937994e-01,6.110770e-01,
-1.660778e+00,6.962140e-01,
1.334406e+00,-1.801951e-01,
-4.563774e-01,-3.169895e-01,
8.692913e-01,-6.792985e-01,
8.518516e-01,-2.098468e-01,
7.262576e-01,-6.941028e-01,
7.481579e-01,1.353369e-01,
3.839245e-01,1.941597e+00,
-1.977328e-01,-1.684829e+00,
-8.852872e-01,1.042674e+00,
2.115699e-01,1.281332e+00,
6.326357e-01,2.175494e-01,
8.494518e-01,-6.755523e-01,
8.126617e-01,4.420860e-01,
-1.378629e-01,2.730624e-01,
-1.003971e+00,1.147487e+00,
5.841869e-01,1.309234e+00,
-2.093580e+00,2.367610e-02,
2.047924e-01,-4.409482e-01,
1.075878e+00,8.925414e-01,
-8.821520e-01,6.925416e-01,
-3.481778e-01,-1.052629e+00,
1.985548e+00,-9.413131e-02,
2.513907e-01,9.787900e-01,
5.669187e-02,2.004267e-01,
1.275168e+00,-1.158139e+00,
1.209187e+00,6.641563e-01,
9.796081e-01,9.266614e-01,
-1.838883e-01,-5.744152e-01,
-1.695700e+00,-7.990057e-03,
-6.840322e-01,-4.267797e-02,
7.709448e-01,-1.141821e+00,
-1.153936e+00,1.039909e+00,
-1.311405e+00,1.592081e+00,
-4.206179e-02,-2.292020e+00,
3.141641e+00,-2.435815e-02,
-6.272252e-01,1.370518e-01,
-1.712572e+00,6.686332e-02,
1.615878e-01,1.281181e+00,
3.643032e-02,-1.999148e-01,
1.896066e-01,-7.697043e-01,
-1.164261e+00,1.416211e-01,
-6.927915e-01,2.371175e-01,
2.525599e+00,7.023227e-01,
-3.414926e-01,-3.846966e-01,
1.585519e+00,-4.661771e-01,
-4.027906e-01,2.596330e-01,
8.982693e-01,-1.086931e+00,
2.701735e-01,-5.766550e-01,
-1.701528e+00,-7.045378e-01,
1.462377e+00,6.009517e-01,
-6.040483e-01,5.498303e-01,
2.117447e+00,-7.147098e-02,
1.591614e+00,4.756117e-01,
-1.009186e+00,-7.463326e-01,
8.102944e-01,2.866140e-01,
1.012437e+00,1.642173e+00,
-1.036742e+00,-7.818715e-01,
4.606939e-01,9.765536e-01,
1.210277e-02,-1.724273e-01,
-9.143197e-01,-1.929668e+00,
-7.603982e-01,1.148228e+00,
2.546369e-01,2.989436e-01,
-3.649767e-01,4.517389e-01,
-1.775971e+00,-3.392670e-01,
-5.757661e-01,-8.597638e-01,
1.398951e+00,-1.218883e+00,
1.290288e-01,-1.524033e-01,
-7.454686e-01,-2.022072e+00,
2.857467e-01,-3.632492e-01,
2.698620e-01,-2.526371e-01,
9.701148e-01,-8.149499e-01,
-6.205820e-01,-1.009214e+00,
-1.662132e+00,-1.635800e+00,
-8.525034e-02,-2.708081e-01,
-1.343483e+00,1.535467e+00,
-2.266855e-02,2.448355e-01,
1.421173e+00,-8.498456e-01,
1.868930e+00,1.988006e-01,
-1.509336e+00,1.589607e+00,
-3.611271e-01,4.865517e-01,
4.110022e-02,-5.148346e-01,
4.911140e-01,4.542700e-01,
1.449525e+00,-2.542714e-01,
1.003921e+00,-2.223821e+00,
-2.304268e-01,1.141720e+00,
-2.278573e-01,5.726299e-01,
-8.028047e-01,-7.475423e-01,
-6.269425e-01,6.203954e-01,
1.268642e+00,2.097053e+00,
-1.095803e-01,1.540640e+00,
1.357145e+00,-2.915554e-01,
-3.017407e-01,-2.446483e-01,
9.607575e-01,1.822751e-01,
7.581278e-01,-5.352050e-01,
2.951686e-01,7.296321e-02,
-2.073774e+00,1.373555e+00,
-4.731206e-01,1.099736e+00,
-6.759607e-01,-1.453824e+00,
1.746370e+00,1.306048e-01,
6.014166e-01,4.535677e-01,
2.869887e-01,-4.539289e-01,
-1.786113e+00,-9.962544e-01,
-1.740242e+00,-6.683714e-02,
-2.019603e-01,-5.128826e-01,
1.573825e+00,2.185952e+00,
7.480506e-01,8.912336e-01,
8.631005e-01,-8.223849e-01,
3.373516e-01,-8.975496e-01,
-1.402215e-01,1.052265e+00,
-8.709858e-01,5.631613e-02,
-2.303725e-01,-2.031608e+00,
6.418019e-02,7.642138e-01,
-1.117720e+00,-6.677237e-01,
-5.310300e-01,-1.936438e-02,
2.530305e+00,8.220823e-01,
3.243291e+00,-2.745234e-01,
1.079317e-01,-8.469609e-01,
-1.260890e+00,1.094675e-01,
-8.394682e-01,-1.629505e+00,
-3.248566e-01,-1.073869e+00,
3.504007e-01,-3.834476e-02,
-7.578698e-01,2.153477e+00,
-2.081485e+00,3.101072e+00,
-1.991634e+00,1.141129e+00,
-1.049483e+00,-2.164957e-01,
2.457251e-01,2.611346e-01,
-1.162697e-01,-6.682012e-01,
1.353725e+00,-5.345514e-01,
8.995977e-01,7.614595e-01,
8.488876e-01,-1.071465e+00,
-1.049139e+00,2.267821e-01,
-8.990361e-01,1.653250e+00,
1.529255e+00,-3.645984e-01,
8.427218e-01,9.000279e-01,
4.427674e-01,-1.231757e+00,
-1.811210e+00,5.627477e-01,
-5.204222e-01,-3.078726e-01,
4.183168e-01,-1.522389e+00,
-6.537936e-01,-1.408095e+00,
-1.640028e+00,-2.427012e-01,
-5.248222e-01,-1.413849e+00,
4.001200e-01,7.164096e-01,
-8.757272e-02,7.640659e-01,
-1.834011e-01,-1.797812e+00,
-1.446068e+00,-1.869499e+00,
1.056239e+00,-1.143213e+00,
2.780908e+00,6.623670e-01,
8.252437e-01,5.030998e-01,
-2.477537e+00,-8.967572e-01,
-1.788411e-01,5.187347e-01,
8.126964e-01,3.443825e-01,
-1.021049e+00,4.184344e-01,
-9.347124e-01,1.719677e+00,
-9.930940e-01,1.707478e+00,
-2.018500e-01,-2.225309e-02,
-7.671990e-01,3.430779e+00,
-9.348197e-01,-1.045005e-01,
1.135405e+00,-3.760127e-01,
-1.390550e+00,-5.111006e-01,
-3.076298e-01,4.456854e-01,
1.866897e+00,3.498269e-01,
-2.454101e+00,1.774401e+00,
4.195587e-01,7.467582e-01,
-1.039337e-01,-1.295212e+00,
2.592897e-01,8.441602e-01,
-7.891279e-01,-7.605456e-01,
-6.525740e-01,2.771992e-01,
-1.639358e-01,-7.491772e-01,
1.232321e-01,-2.058223e+00,
-7.634001e-01,1.574287e+00,
-2.919483e+00,-9.270150e-01,
2.404554e+00,3.827323e-01,
-9.264900e-01,-6.612818e-01,
-2.016733e+00,4.141473e-01,
1.128210e-01,3.163566e-01,
-7.673814e-01,-6.950307e-01,
9.258304e-01,1.474470e+00,
-2.118239e-01,5.938950e-01,
-5.436418e-01,-1.182741e-01,
9.176910e-02,1.641494e+00,
-1.336994e+00,1.833454e+00,
-5.895709e-01,-1.237995e+00,
-4.270666e-01,-6.311763e-01,
-6.246684e-01,-1.883276e+00,
9.283967e-01,4.470139e-01,
-4.675187e-01,-1.110582e+00,
9.193906e-02,-2.332577e-01,
-1.354906e+00,-7.173868e-01,
2.148440e+00,6.438884e-01,
-9.271170e-01,-7.582711e-03,
-2.628592e+00,-5.708913e-01,
2.201916e+00,-1.316811e+00,
1.639327e+00,-1.328847e+00,
-7.939086e-01,7.932064e-01,
2.019065e+00,-1.612284e+00,
2.177851e+00,1.338433e+00,
3.570310e-01,-1.061243e+00,
3.819095e-01,-3.129376e-01,
1.944745e+00,-1.740123e-02,
-2.460321e+00,2.120691e-01,
-9.519439e-02,1.068721e+00,
6.630646e-01,-5.268384e-01,
2.076548e-01,1.411219e+00,
-9.522623e-01,-2.361793e+00,
-6.489449e-01,-4.112818e-01,
-5.425489e-01,9.198332e-01,
-1.458178e+00,8.574406e-01,
4.802817e-01,2.433453e-01,
6.280006e-02,-1.457534e-02,
-3.044841e-01,-7.852896e-01,
-2.952733e-01,4.614133e-01,
4.435004e-01,-3.468519e-01,
-4.092201e-01,-2.122395e+00,
-2.910242e-01,-4.906712e-01,
-1.054175e+00,-2.881019e-01,
-8.415214e-01,-2.438150e-01,
-1.471581e+00,-5.512062e-01,
-4.282253e-01,-2.481457e+00,
-1.512888e+00,2.026909e+00,
8.074824e-01,4.287475e-01,
1.991592e-01,1.349456e+00,
-1.658033e+00,4.684273e-01,
-1.222582e+00,-2.148456e-01,
1.150220e-01,-7.695438e-01,
-3.216882e-01,-8.116192e-01,
1.033338e+00,1.821587e+00,
-1.499675e+00,1.179123e+00,
4.235283e-01,2.946808e-01,
-1.053588e+00,1.389162e+00,
6.108674e-01,-9.378093e-01,
4.936352e-01,-1.108837e+00,
-9.582516e-01,1.000349e+00,
-2.981269e-01,-2.310906e+00,
-2.377151e-02,1.812342e-01,
4.122676e-01,-8.810266e-01,
7.118003e-01,2.105661e+00,
-8.209189e-02,6.813845e-01,
1.508265e+00,1.386198e+00,
2.635662e-01,4.822694e-01,
1.015535e+00,-4.500857e-01,
-4.765972e-01,4.984654e-01,
1.536231e-01,9.355613e-01,
-2.002703e+00,1.386696e+00,
-1.386853e+00,-1.866673e+00,
-1.836978e-01,-1.022107e-01,
1.070473e+00,7.385130e-01,
-6.957471e-01,-1.391482e-03,
5.948121e-01,-9.203624e-01,
3.379680e-01,7.084328e-01,
-6.656506e-01,4.790542e-01,
2.219927e+00,-8.036050e-01,
-4.082617e-01,3.449159e-01,
1.274725e+00,6.968733e-01,
-1.716145e-01,-3.259127e-01,
2.382347e-01,2.125523e+00,
-1.103464e+00,2.123195e-01,
-8.540465e-01,9.212883e-01,
-8.262843e-01,-7.361733e-01,
1.489772e+00,-9.689174e-01,
2.286348e-01,-2.576561e-01,
-2.554096e-01,-1.365733e+00,
-9.144690e-01,8.350533e-01,
-1.483514e-01,-2.779747e-01,
-1.090836e+00,9.737272e-01,
-2.695718e-01,-5.507981e-01,
-1.407754e+00,8.681270e-01,
-1.160737e+00,8.751752e-01,
1.246142e+00,-8.864837e-01,
1.666694e+00,1.045673e+00,
8.127905e-02,-5.039260e-01,
6.923145e-01,-4.156382e-02,
5.328888e-01,6.817677e-01,
-1.010109e+00,2.177530e-01,
1.305629e-01,-1.077870e-01,
-6.492567e-01,-1.071709e+00,
3.337438e-02,3.611680e-02,
-3.628197e-01,1.751618e+00,
-1.311947e+00,6.318863e-01,
-1.532488e+00,1.557015e+00,
-3.035976e-01,-4.370105e-01,
3.022234e-01,-8.185398e-01,
7.775776e-01,2.496098e-02,
-2.981737e-01,-1.802071e-01,
1.439840e-01,1.091215e-01,
1.986454e+00,7.885428e-01,
-3.794927e-01,-8.435095e-01,
5.685194e-01,-1.325596e+00,
-9.535253e-01,-6.711466e-01,
1.251521e+00,-3.149604e-01,
8.085561e-01,5.695763e-01,
4.248768e-01,-5.525583e-03,
-3.112437e-01,1.716984e+00,
-7.971178e-03,2.348523e-01,
-1.662978e+00,1.140179e+00,
1.632276e+00,-1.193869e-01,
1.001458e+00,-1.688979e+00,
1.952282e-01,1.991002e+00,
-5.438304e-01,-2.075232e+00,
-9.417584e-01,-9.240300e-01,
-1.752786e+00,-4.890724e-01,
-5.133281e-01,3.364869e+00,
-7.208755e-01,2.258993e-01,
-1.432218e+00,3.995357e-01,
-8.864203e-02,-9.272224e-01,
2.531219e-01,4.259922e-01,
-5.376194e-01,2.778006e-01,
-4.880768e-01,-6.214741e-01,
3.948809e-01,-6.023863e-01,
-1.740887e+00,3.096687e-02,
1.448307e+00,9.998617e-01,
3.312276e-01,1.631832e+00,
-1.039275e+00,-1.245013e+00,
-8.140702e-02,7.954721e-01,
5.486240e-01,-1.463351e+00,
2.298369e-01,-3.861967e-01,
1.808580e-01,-1.525970e-01,
-1.338608e-01,2.472595e+00,
9.161959e-01,-7.772463e-01,
2.273136e+00,-3.499103e-01,
-1.134707e+00,-8.271681e-01,
2.865634e-01,1.621509e+00,
8.060195e-01,1.036015e+00,
2.747500e+00,-1.949798e+00,
1.191352e+00,-5.961107e-01,
1.362868e+00,1.074822e+00,
1.941191e-01,2.108149e+00,
-2.810025e+00,3.466163e-01,
9.315398e-01,-1.272855e+00,
7.216564e-01,-1.017601e+00,
-1.058945e+00,-7.111941e-02,
6.020909e-01,-4.081126e-01,
9.717796e-01,1.287528e+00,
6.848554e-01,-4.432414e-02,
1.080956e+00,-1.061232e+00,
-3.468487e-01,8.200415e-01,
7.487030e-01,-1.092359e+00,
-1.319206e+00,1.503831e-01,
-1.451648e+00,7.848139e-01,
-5.475411e-01,1.231695e+00,
-8.967424e-01,-3.642903e-01,
4.980639e-02,-2.597459e-01,
-4.123886e-01,-1.073586e+00,
3.526380e-01,8.231901e-01,
-5.548194e-02,9.302842e-01,
1.527750e+00,-1.052568e-01,
-1.177416e+00,-5.553603e-01,
1.484225e+00,-1.813051e+00,
-1.861779e+00,6.398484e-02,
5.876880e-01,-3.565632e-01,
-1.101072e-01,4.853845e-01,
-4.076482e-01,-7.580805e-01,
-1.403488e+00,-1.910350e-01,
-7.581581e-01,-6.587237e-01,
-1.978658e-01,7.454506e-01,
-6.749842e-01,1.241851e+00,
-1.140917e+00,6.203951e-01,
3.962561e-01,-1.052521e-01,
-8.192548e-01,-6.012967e-01,
-1.205316e+00,5.741993e-01,
3.144216e+00,-1.011319e+00,
-3.421490e-01,-2.637872e-01,
1.234051e+00,8.167086e-01,
4.302339e-01,-2.290843e-01,
-5.267452e-01,-1.795517e+00,
5.828097e-01,-6.302473e-01,
-4.064487e-01,-4.553737e-01,
-9.618483e-01,4.565052e-01,
-9.492714e-01,-1.659858e+00,
4.621217e-02,-2.570663e-01,
-5.097946e-01,4.840890e-01,
-8.360600e-01,-5.489352e-01,
-3.414511e-01,-1.409238e+00,
1.451194e+00,-4.617037e-01,
7.682700e-01,3.089210e-01,
-8.423158e-02,-2.127347e+00,
1.153559e+00,-4.693267e-01,
-6.071611e-02,-5.153717e-01,
-8.503546e-01,7.085910e-02,
-1.524458e+00,-2.159971e+00,
-9.629227e-01,3.776601e-01,
5.807657e-01,1.230043e+00,
-1.609167e+00,-4.637307e-01,
3.154634e-01,-2.554339e-01,
8.911757e-01,1.383552e+00,
-5.331753e-01,2.067572e+00,
-4.724269e-01,4.021745e-01,
-1.349780e+00,3.091493e-01,
-1.275434e-01,-3.232133e-02,
8.817935e-01,1.764052e-01,
4.786042e-01,-4.722666e-01,
-1.186148e+00,1.020266e-01,
-1.063161e+00,-5.104192e-01,
-1.726536e-01,6.513402e-01,
2.693532e-01,-8.596622e-01,
1.046878e+00,8.442775e-02,
-2.231540e+00,-6.921262e-01,
-1.545742e+00,-9.813757e-01,
-1.727706e-01,-1.502718e+00,
1.309607e+00,1.674449e+00,
-1.508655e+00,1.893476e+00,
-1.675306e-01,4.942448e-01,
-7.150057e-01,-6.489262e-01,
8.635316e-01,4.394059e-01,
1.372629e+00,-2.934083e-02,
4.493644e-02,6.834885e-01,
-6.627086e-01,8.147150e-01,
-2.823514e-02,2.112150e-01,
1.748911e+00,-5.298109e-01,
4.852785e-01,-7.111964e-01,
-1.804719e-01,1.083221e+00,
5.131472e-01,-4.825679e-01,
-1.038552e+00,-9.710575e-02,
-1.409666e+00,-2.231449e-01,
1.049981e+00,-9.705280e-01,
6.255663e-01,-7.954651e-01,
2.996937e-01,1.020971e+00,
-5.230356e-01,-1.230352e-01,
-6.698340e-01,5.268788e-01,
4.766047e-01,1.854942e+00,
-2.669765e+00,-6.937504e-01,
4.337215e-01,1.293782e+00,
2.458879e+00,-2.215431e+00,
5.319430e-01,4.533367e-01,
-3.715360e-01,1.908536e-01,
-7.198214e-01,1.411163e+00,
-6.296468e-03,-2.411686e-01,
5.907814e-01,-6.080655e-01,
-1.074779e-01,-2.372136e-01,
5.913979e-01,2.202869e+00,
-7.637821e-01,-1.810424e+00,
-1.964127e+00,3.736605e-01,
-5.394698e-01,1.862510e-01,
1.425337e-01,-1.500342e-03,
-9.615418e-01,-6.772838e-01,
-2.534364e-01,1.753681e+00,
-3.760027e-01,1.776658e+00,
-1.284555e+00,4.417685e-01,
5.768642e-01,-4.015928e-01,
-2.144305e+00,-4.491802e-01,
5.511813e-01,7.537748e-02,
-1.003726e+00,-1.766305e+00,
1.777334e+00,7.385612e-04,
1.173561e+00,1.977445e+00,
-2.321848e+00,8.369941e-01,
-1.288937e-01,-1.062876e-01,
2.215506e-01,-1.599008e-01,
5.907734e-01,-2.834208e-01,
-1.586230e+00,3.994073e-01,
1.000930e-01,-7.558106e-01,
1.647555e-01,-2.900157e+00,
-3.444631e-01,-5.583443e-01,
9.405515e-01,2.099976e-01,
2.192972e-01,1.021517e+00,
2.399912e+00,1.638670e+00,
7.669720e-01,-6.817956e-01,
-2.859382e-01,-3.588918e-01,
-1.092119e+00,1.386740e+00,
2.643129e-01,3.431179e-01,
2.011816e+00,-8.716863e-01,
-1.347077e-01,-4.405810e-01,
7.901751e-01,-3.384616e-01,
1.855850e-01,-3.396934e-01,
-6.179254e-01,2.844607e-01,
4.592262e-02,2.899524e-01,
-1.672317e+00,2.198009e-01,
1.194857e+00,1.167024e+00,
-1.279947e+00,-9.159290e-01,
-1.391728e+00,1.951228e-01,
-3.159557e-01,-1.342699e+00,
-4.855497e-01,1.051569e+00,
9.396956e-01,-9.796884e-01,
5.687087e-01,4.055141e-01,
1.322420e+00,8.702140e-01,
4.631484e-01,-1.243361e+00,
4.675450e-01,-8.789285e-01,
4.592756e-01,-6.665464e-01,
-6.878914e-01,1.170001e+00,
8.410958e-01,1.865832e+00,
-3.739884e-01,1.246337e+00,
-2.050202e+00,-1.263612e+00,
-1.250924e+00,7.066537e-01,
1.774164e+00,6.904710e+00,
1.354770e+00,4.998301e+00,
5.963746e-01,6.939633e+00,
1.585152e+00,5.655309e+00,
7.006571e-01,6.396005e+00,
1.040034e+00,5.400281e+00,
1.278460e+00,7.320807e+00,
2.285610e+00,6.270539e+00,
1.507740e+00,7.524409e+00,
3.108211e+00,6.423547e+00,
2.160027e+00,1.032413e+01,
3.125493e-01,5.286204e+00,
1.611689e+00,7.838982e+00,
1.650834e+00,6.692896e+00,
2.465733e+00,7.291636e+00,
1.390934e+00,6.604321e+00,
7.999097e-01,7.117602e+00,
2.512255e+00,7.489296e+00,
3.170644e+00,7.948908e+00,
1.892928e+00,8.079250e+00,
2.738970e+00,6.544564e+00,
2.452091e+00,6.832433e+00,
3.057036e+00,6.846111e+00,
4.244996e+00,9.100525e+00,
2.995072e+00,7.500663e+00,
3.846610e+00,7.623045e+00,
2.153026e+00,7.190336e+00,
2.665745e+00,7.712080e+00,
2.973068e+00,7.370998e+00,
2.963023e+00,6.656452e+00,
5.177922e-01,7.023459e+00,
2.894445e+00,8.051753e+00,
1.778199e+00,6.000321e+00,
5.073850e-01,5.768683e+00,
1.689801e+00,7.778121e+00,
3.417956e+00,7.257531e+00,
1.774885e+00,6.494764e+00,
4.383046e+00,7.717701e+00,
1.794913e+00,8.134896e+00,
2.311911e+00,4.689436e+00,
2.634906e+00,7.933619e+00,
1.452605e+00,7.799295e+00,
2.295867e+00,6.855570e+00,
3.120064e+00,8.044783e+00,
2.871920e+00,7.541873e+00,
3.239656e+00,8.125626e+00,
2.556978e-01,7.737782e+00,
1.078487e+00,7.388261e+00,
1.507952e+00,6.624816e+00,
1.747466e+00,7.988718e+00,
3.158660e+00,6.589167e+00,
2.395312e+00,6.044151e+00,
1.434316e+00,6.429646e+00,
2.269952e+00,6.857148e+00,
1.857625e+00,8.214227e+00,
3.726148e-01,9.166322e+00,
1.813924e+00,5.795277e+00,
1.865365e+00,6.258869e+00,
2.545124e+00,6.062969e+00,
2.254682e+00,6.630251e+00,
3.037467e+00,7.365379e+00,
1.503094e+00,6.376831e+00,
1.110084e+00,6.964204e+00,
-6.749225e-01,6.318681e+00,
2.268129e+00,7.343517e+00,
2.216300e+00,5.994344e+00,
2.442368e+00,7.023584e+00,
3.514392e+00,7.256922e+00,
2.306989e+00,6.237340e+00,
1.638074e+00,7.398534e+00,
1.515210e+00,7.952827e+00,
2.119014e+00,6.746272e+00,
1.009912e+00,7.710257e+00,
2.538745e+00,7.265833e+00,
3.672755e+00,7.162735e+00,
9.597591e-01,7.242689e+00,
1.718817e+00,7.296412e+00,
2.959074e+00,8.933075e+00,
2.455573e+00,5.194564e+00,
2.717726e+00,7.482187e+00,
1.732693e+00,6.949532e+00,
2.433192e+00,6.744461e+00,
1.029727e+00,6.380880e+00,
1.758548e+00,6.592726e+00,
3.577410e+00,6.041582e+00,
1.187683e+00,7.734571e+00,
2.723052e+00,6.807986e+00,
1.132456e+00,8.191762e+00,
2.793953e+00,5.931852e+00,
5.534701e-01,6.234681e+00,
2.334984e+00,7.318229e+00,
2.721947e+00,5.261017e+00,
8.152946e-01,7.128083e+00,
2.569924e+00,8.496604e+00,
2.735036e+00,7.216405e+00,
2.229249e+00,7.017619e+00,
1.136645e+00,6.669651e+00,
2.522078e+00,7.898241e+00,
1.443427e+00,5.464750e+00,
4.015865e+00,9.072908e+00,
2.499112e+00,6.603215e+00,
3.264430e+00,5.693291e+00,
2.642834e+00,5.723639e+00,
3.497775e+00,7.586015e+00,
4.452638e-01,7.425095e+00,
2.263399e+00,7.516846e+00,
1.983860e+00,4.695660e+00,
2.252662e+00,6.668866e+00,
1.906990e+00,5.657005e+00,
2.706015e+00,6.596343e+00,
2.552792e+00,8.195292e+00,
1.404547e+00,7.100061e+00,
6.313208e-01,5.956614e+00,
1.696271e+00,4.755388e+00,
3.414970e+00,7.579258e+00,
2.529124e+00,9.736619e+00,
1.312397e+00,7.509348e+00,
1.678847e+00,8.243196e+00,
3.919843e-01,5.987830e+00,
2.560724e+00,7.706398e+00,
2.211043e+00,6.451995e+00,
1.108892e+00,6.686782e+00,
1.043002e+00,7.285362e+00,
4.026815e+00,7.163278e+00,
1.248523e+00,7.246541e+00,
1.998671e+00,7.765985e+00,
2.362419e+00,6.123846e+00,
2.787486e+00,5.987839e+00,
1.806899e+00,6.166107e+00,
1.562649e+00,7.441351e+00,
2.101855e+00,6.983617e+00,
2.604242e+00,6.069591e+00,
1.148216e+00,6.883891e+00,
1.638236e+00,8.329802e+00,
4.129240e+00,6.029602e+00,
2.848678e+00,8.161852e+00,
4.883242e-01,8.114080e+00,
1.879820e+00,6.154448e+00,
2.469379e+00,7.443104e+00,
3.062748e+00,8.062098e+00,
2.111696e+00,7.472280e+00,
9.996806e-01,7.308175e+00,
1.696574e+00,7.973161e+00,
3.105302e-01,6.890094e+00,
3.143031e+00,7.483463e+00,
1.481024e+00,7.569338e+00,
2.165958e+00,6.428409e+00,
1.567128e+00,6.322088e+00,
3.507604e+00,7.716263e+00,
2.688469e+00,7.734256e+00,
1.913737e+00,9.725888e+00,
1.838699e+00,5.580549e+00,
2.889054e+00,8.335754e+00,
1.947666e+00,5.616979e+00,
2.968900e+00,7.003813e+00,
1.996148e+00,7.711866e+00,
1.103985e+00,5.630707e+00,
4.177274e+00,7.734900e+00,
1.678040e+00,5.705068e+00,
3.006462e+00,6.864147e+00,
2.829488e+00,6.291627e+00,
3.208166e+00,8.024285e+00,
1.737987e+00,7.174482e+00,
3.150242e+00,7.389000e+00,
2.965950e+00,5.871017e+00,
1.884899e+00,6.642901e+00,
1.545711e+00,6.718169e+00,
1.639283e+00,8.170139e+00,
2.532637e+00,5.902896e+00,
1.951874e+00,5.113601e+00,
1.326647e-01,7.693733e+00,
1.342860e+00,6.854734e+00,
1.247462e+00,6.652671e+00,
1.503612e+00,7.449423e+00,
-3.603895e-01,5.754715e+00,
2.680371e+00,4.510092e+00,
9.503043e-01,8.652159e+00,
-1.588804e-01,5.795386e+00,
2.437901e+00,5.642547e+00,
3.699298e+00,7.339225e+00,
1.861188e+00,6.866548e+00,
2.138207e+00,7.111052e+00,
-2.035130e+00,7.956245e+00,
5.520065e-01,6.500774e+00,
2.664166e+00,7.785978e+00,
3.602366e+00,6.370153e+00,
1.397531e-01,6.032353e+00,
3.661297e+00,5.638864e+00,
2.458420e+00,6.815387e+00,
2.836114e-01,6.561021e+00,
2.672701e+00,4.782682e+00,
9.183469e-01,5.862207e+00,
7.320221e-01,6.749108e+00,
1.718194e+00,8.307344e+00,
1.590595e+00,5.512890e+00,
1.802992e+00,8.313938e+00,
3.142639e+00,8.450106e+00,
2.622110e+00,6.101634e+00,
2.134116e+00,6.234490e+00,
3.119953e+00,7.221198e+00,
2.265726e+00,8.097080e+00,
2.041423e+00,6.128646e+00,
3.482131e+00,6.374512e+00,
2.097464e+00,7.572104e+00,
2.087182e+00,6.102205e+00,
9.921289e-01,7.069190e+00,
2.141017e+00,7.768278e+00,
3.123760e+00,5.857010e+00,
-6.576205e-02,6.913293e+00,
5.431092e-01,8.209490e+00,
2.424628e+00,6.998499e+00,
2.662791e+00,6.546482e+00,
2.042596e+00,6.616750e+00,
8.537584e-01,7.334349e+00,
1.515803e+00,5.949301e+00,
9.678610e-01,6.530647e+00,
1.719160e-01,7.688561e+00,
2.802039e+00,6.368824e+00,
1.891708e+00,7.007569e+00,
2.085418e+00,7.865647e+00,
1.546604e+00,6.236530e+00,
1.608337e+00,7.850506e+00,
1.301630e+00,7.232592e+00,
8.005912e-01,6.639655e+00,
3.237534e+00,6.920827e+00,
1.179891e+00,6.934838e+00,
2.555197e+00,6.279222e+00,
2.137277e+00,7.561880e+00,
7.830122e-01,7.725336e+00,
1.605731e+00,6.245796e+00,
1.228364e+00,6.057763e+00,
3.471862e+00,7.081742e+00,
2.258715e+00,8.303193e+00,
1.597678e+00,7.243422e+00,
1.875617e+00,7.446875e+00,
2.623996e+00,8.097685e+00,
1.940542e+00,6.603787e+00,
-9.373242e-02,5.830163e+00,
7.370438e-01,7.318264e+00,
3.117610e+00,7.154748e+00,
1.773779e+00,5.828996e+00,
2.343479e+00,8.181341e+00,
2.648777e+00,5.643267e+00,
8.968940e-01,6.165240e+00,
2.141739e+00,7.458421e+00,
9.043703e-01,7.535761e+00,
2.813624e+00,7.183683e+00,
2.655588e+00,8.092704e+00,
3.568596e+00,6.857034e+00,
2.135927e+00,7.350529e+00,
9.511397e-01,4.461235e+00,
4.096305e+00,7.067348e+00,
1.863001e+00,6.403212e+00,
1.330472e+00,7.570667e+00,
-8.815600e-02,7.412940e+00,
2.762809e+00,6.654811e+00,
2.118770e+00,7.181304e+00,
3.802648e+00,6.006804e+00,
2.794901e+00,6.848279e+00,
1.702508e+00,6.672914e+00,
2.021357e-01,5.432285e+00,
3.692446e-01,8.085465e+00,
6.901418e-01,7.734473e+00,
2.898821e+00,7.702592e+00,
1.546766e+00,5.502733e+00,
3.619051e+00,7.008639e+00,
2.102110e+00,7.267869e+00,
1.443029e+00,6.958224e+00,
2.649269e+00,5.482247e+00,
1.166741e+00,6.333443e+00,
2.286222e+00,6.280435e+00,
7.279851e-01,5.916628e+00,
1.220991e+00,8.575714e+00,
5.861643e-01,7.187068e+00,
1.963700e+00,6.123520e+00,
2.711640e+00,7.525551e+00,
2.531674e+00,7.831723e+00,
3.917536e+00,6.300851e+00,
1.852233e-01,5.845233e+00,
1.272890e+00,6.481378e+00,
1.969648e+00,8.219504e+00,
-9.848562e-02,7.067342e+00,
1.427888e+00,8.045942e+00,
1.530413e+00,6.718797e+00,
6.989338e-01,6.530281e+00,
1.937741e+00,6.621165e+00,
2.465947e+00,8.859870e+00,
-1.596821e-01,5.417827e+00,
2.672914e+00,5.853086e+00,
9.937679e-01,7.589961e+00,
3.896461e+00,6.979851e+00,
1.734889e+00,5.489753e+00,
2.137105e+00,7.309708e+00,
3.801365e+00,6.349372e+00,
2.558588e+00,6.674445e+00,
2.324415e+00,7.678661e+00,
1.252566e+00,7.003375e+00,
2.684171e+00,6.238592e+00,
1.537036e+00,6.868766e+00,
2.209601e+00,6.287696e+00,
7.539508e-01,7.469142e+00,
-9.462767e-01,6.483052e+00,
3.907011e-01,7.102619e+00,
1.364647e+00,8.209291e+00,
8.839820e-01,7.089648e+00,
2.325708e+00,7.899233e+00,
1.638206e+00,7.643525e+00,
3.097721e+00,9.281143e+00,
8.740102e-01,7.419664e+00,
1.330582e+00,7.574798e+00,
3.923080e+00,6.121546e+00,
3.563517e+00,5.835480e+00,
2.771361e+00,8.229522e+00,
3.432742e+00,7.666019e+00,
2.153434e+00,7.669783e+00,
-1.430384e+00,6.589767e+00,
2.279093e+00,7.632585e+00,
1.035370e+00,7.084169e+00,
1.184223e+00,6.342816e+00,
1.937372e+00,7.942299e+00,
3.690799e+00,8.468905e+00,
2.948424e+00,6.717133e+00,
2.064575e+00,6.112655e+00,
1.053706e+00,7.101102e+00,
2.819596e+00,8.160740e+00,
2.194201e+00,7.906427e+00,
2.857853e+00,6.946696e+00,
2.993861e+00,6.814844e+00,
2.932694e-01,7.262771e+00,
3.020918e+00,5.664020e+00,
6.666877e-01,7.583173e+00,
1.053814e+00,7.868290e+00,
8.536450e-01,7.411225e+00,
1.076481e+00,6.364199e+00,
3.492631e+00,4.791017e+00,
3.465109e+00,6.875236e+00,
1.325357e+00,7.279170e+00,
3.004804e+00,6.799293e+00,
2.432474e+00,7.068362e+00,
2.172175e+00,6.260936e+00,
2.918693e+00,7.218208e+00,
2.939530e+00,8.074506e+00,
5.230802e-01,6.376805e+00,
8.234467e-01,8.160654e+00,
2.008430e+00,8.957476e+00,
4.007247e+00,7.637780e+00,
7.582239e-01,7.641190e+00,
1.013945e+00,6.300612e+00,
1.171119e-01,6.720926e+00,
2.300834e+00,5.988803e+00,
1.461927e+00,6.531882e+00,
1.488070e+00,3.755852e+00,
1.296788e+00,5.891294e+00,
1.424810e+00,9.262970e+00,
2.526295e+00,8.005830e+00,
1.169350e+00,5.739965e+00,
1.566763e+00,7.827901e+00,
2.491886e+00,6.434920e+00,
4.057824e+00,8.109950e+00,
5.702111e+00,7.855068e+00,
1.149200e+00,8.253612e+00,
1.223203e+00,6.811928e+00,
7.858786e-01,7.419034e+00,
3.897637e+00,6.867912e+00,
2.747737e+00,7.473569e+00,
1.309193e+00,6.961148e+00,
1.502941e+00,7.126211e+00,
1.706126e+00,8.739715e+00,
2.128733e+00,6.511495e+00,
3.409227e+00,7.877843e+00,
6.737017e-01,7.337323e+00,
1.021729e+00,6.593003e+00,
1.728752e-01,7.900463e+00,
2.905073e+00,5.529089e+00,
1.832504e+00,7.353905e+00,
2.894086e+00,6.509736e+00,
2.790836e+00,6.345641e+00,
3.671769e+00,6.486761e+00,
2.121650e+00,7.679681e+00,
1.658071e+00,7.270753e+00,
2.513233e+00,6.303901e+00,
3.115490e+00,5.540266e+00,
1.796802e+00,7.696563e+00,
1.116748e+00,7.707255e+00,
2.242660e+00,8.532786e+00,
1.246461e-02,7.093075e+00,
1.529391e+00,6.025176e+00,
2.786997e+00,8.038712e+00,
3.125160e-01,5.642498e+00,
1.451506e+00,8.378004e+00,
2.158396e+00,5.016876e+00,
1.312521e+00,7.943326e+00,
3.445108e-01,6.635461e+00,
5.899429e+00,7.760130e+00,
2.995403e+00,4.961963e+00,
1.711373e+00,9.799750e+00,
2.514726e+00,7.486264e+00,
1.389646e+00,6.708506e+00,
2.289808e+00,8.492709e+00,
1.298714e+00,7.550718e+00,
3.286343e+00,6.749573e+00,
7.340215e-01,6.821637e+00,
6.758828e-01,8.165728e+00,
1.615046e+00,9.302651e+00,
7.569546e-01,6.307158e+00,
1.729508e+00,6.092102e+00,
2.246758e+00,5.282631e+00,
1.356757e+00,5.931539e+00,
2.728622e+00,7.373896e+00,
4.535241e-01,7.073410e+00,
3.547348e+00,5.536606e+00,
2.999920e+00,6.063496e+00,
2.155577e+00,7.802135e+00,
6.511174e+00,6.231548e+00,
6.686648e-01,5.129084e+00,
2.321942e-01,7.771753e+00,
8.024407e-01,6.424213e+00,
2.440572e+00,7.307364e+00,
3.703760e-01,7.049393e+00,
3.043016e+00,6.314747e+00,
2.130812e+00,7.198898e+00,
7.960351e-01,7.820441e+00,
1.701293e+00,7.031164e+00,
1.887276e+00,7.015786e+00,
1.489136e+00,9.086025e+00,
1.741646e+00,7.758748e+00,
2.226160e+00,6.836200e+00,
3.985889e+00,7.263168e+00,
1.206358e+00,6.377798e+00,
2.347800e+00,7.743229e+00,
-5.496743e-01,6.847178e+00,
2.407811e-02,5.903439e+00,
1.669106e+00,5.770515e+00,
2.415023e+00,7.476766e+00,
2.219773e+00,6.077119e+00,
2.454713e+00,6.943228e+00,
1.567287e+00,6.793194e+00,
1.514554e+00,5.739563e+00,
6.118484e-01,7.181779e+00,
2.457782e+00,8.068298e+00,
3.625614e+00,8.163633e+00,
2.541409e+00,6.083229e+00,
2.854421e+00,5.627294e+00,
2.911574e+00,8.380469e+00,
1.651409e+00,5.980447e+00,
2.192367e+00,6.568452e+00,
2.599037e+00,6.672232e+00,
2.351525e+00,5.254826e+00,
1.447814e+00,7.164948e+00,
1.669653e+00,7.588899e+00,
1.254366e+00,7.534596e+00,
9.849629e-01,6.490163e+00,
1.138471e+00,6.824182e+00,
3.091080e+00,5.354589e+00,
1.970983e+00,8.434661e+00,
3.035009e+00,8.236046e+00,
5.656444e-01,7.120278e+00,
1.163742e+00,7.600320e+00,
3.118878e+00,6.283027e+00,
3.340443e-01,6.456066e+00,
1.534936e+00,8.644628e+00,
8.188811e-01,7.723127e+00,
2.645272e+00,8.613117e+00,
2.204797e+00,6.323829e+00,
1.970746e+00,7.264574e+00,
6.737020e-01,7.589319e+00,
1.254872e+00,6.353907e+00,
1.199617e+00,7.303277e+00,
1.966238e+00,8.190554e+00,
8.050676e-01,7.744734e+00,
3.040848e+00,6.943712e+00,
2.800208e-01,6.258633e+00,
1.776470e+00,7.739877e+00,
1.060564e+00,4.728662e+00,
3.965469e-01,7.956379e+00,
2.364562e+00,4.684739e+00,
3.097289e+00,8.996791e+00,
1.710961e+00,7.418885e+00,
2.833288e+00,4.947648e+00,
2.463575e+00,7.609521e+00,
1.424853e+00,7.827110e+00,
2.429869e+00,6.121474e+00,
1.091054e+00,6.698570e+00,
1.607033e+00,8.479136e+00,
4.280971e+00,7.578024e+00,
8.703290e-01,8.543940e+00,
2.652825e+00,7.501392e+00,
2.593777e+00,7.217907e+00,
3.258707e+00,6.786860e+00,
3.860481e+00,5.507732e+00,
1.664413e+00,8.448700e+00,
1.433324e+00,8.073309e+00,
6.907345e-01,8.179154e+00,
2.883979e+00,7.206940e+00,
2.309128e+00,5.729561e+00,
3.341379e+00,7.407406e+00,
1.912813e+00,5.657074e+00,
3.653150e+00,7.703644e+00,
2.207437e-01,8.147813e+00,
2.178648e+00,7.492352e+00,
6.112741e+00,-2.336863e+00,
4.462120e+00,-1.568434e+00,
2.996133e+00,4.333707e-01,
5.265819e+00,-2.919494e-01,
3.656053e+00,1.805716e+00,
2.950456e+00,1.109835e+00,
4.994309e+00,5.048554e+00,
4.829553e+00,1.231930e+00,
3.712328e+00,1.836207e+00,
7.951276e+00,3.244199e-01,
1.364932e+00,6.556210e-01,
5.673225e+00,-1.370567e+00,
4.302017e+00,9.970656e-01,
5.073676e+00,-1.481698e-01,
4.807521e+00,9.680543e-02,
6.245514e+00,6.437528e-01,
3.297995e+00,1.077972e+00,
1.840072e+00,-2.538014e+00,
3.158793e+00,-1.219989e+00,
3.813488e+00,-2.567285e+00,
2.104653e+00,-2.170180e-01,
5.983520e+00,4.137300e-01,
5.399050e+00,-4.193390e-02,
5.523856e+00,9.017216e-01,
4.025963e+00,-3.833262e-01,
5.358150e+00,5.958869e-01,
6.658520e+00,8.778863e-01,
5.206740e+00,1.253598e+00,
5.499000e+00,1.084720e+00,
5.734305e+00,-9.935291e-02,
4.974793e+00,1.701956e+00,
2.869219e+00,1.349794e+00,
5.451043e+00,2.228435e-01,
6.388866e+00,-1.508405e-01,
3.977266e+00,-1.246610e+00,
5.304206e+00,-1.430913e-01,
1.423005e+00,1.218836e+00,
3.380777e+00,-5.068711e-01,
6.155062e+00,3.287193e-02,
2.152983e+00,1.174498e+00,
6.900825e+00,2.442584e+00,
1.344354e+00,2.670762e+00,
4.417488e+00,1.625486e+00,
8.099494e+00,-7.600238e-01,
5.015409e+00,1.267271e+00,
5.166338e+00,2.854584e-01,
4.243011e+00,-2.469980e-04,
7.885270e+00,-1.322577e+00,
5.886526e+00,1.287668e+00,
3.671461e+00,1.730492e+00,
7.325783e+00,-1.503406e-01,
4.013910e+00,-9.721919e-01,
4.332048e+00,-5.641220e-01,
6.115462e+00,-2.222772e-01,
4.341382e+00,-3.959150e-02,
2.467451e+00,-8.663553e-01,
2.517560e+00,-1.688192e+00,
6.496363e+00,3.025296e-03,
4.966574e+00,-5.928480e-01,
3.166852e+00,-7.358187e-01,
5.050050e+00,-1.333644e+00,
5.800553e+00,1.979571e+00,
4.870385e+00,2.661967e+00,
4.646359e+00,9.838698e-01,
3.726665e+00,-8.421789e-02,
3.982430e+00,1.993388e+00,
4.795450e+00,-1.181819e+00,
4.402307e+00,5.326759e-01,
3.940328e+00,-2.171647e+00,
3.253794e+00,1.982964e+00,
5.210074e+00,-3.220571e+00,
6.226548e+00,1.733797e+00,
4.879393e+00,-3.533195e-01,
4.272267e+00,-1.769287e+00,
3.320902e+00,-1.000926e+00,
3.886074e+00,2.020186e+00,
3.535159e+00,-1.676362e+00,
4.772308e+00,3.310339e-01,
5.669841e+00,-7.497575e-01,
5.731042e+00,2.801740e-01,
5.032397e+00,7.062873e-01,
5.898979e+00,-8.866958e-01,
2.867500e+00,6.121208e-01,
3.526961e+00,3.170540e+00,
6.068043e+00,-2.052486e-01,
5.489525e+00,8.728403e-01,
3.137695e+00,-8.604962e-01,
4.175796e+00,-1.304141e+00,
6.625032e+00,-1.227995e+00,
6.901436e+00,-1.310925e+00,
3.812735e+00,6.979465e-01,
6.229803e+00,-1.753944e+00,
3.705899e+00,1.597660e+00,
4.728794e+00,-9.626126e-01,
2.015491e+00,6.970610e-01,
4.173858e+00,-1.087749e+00,
5.282843e+00,2.875690e+00,
4.508364e+00,1.382706e+00,
4.646866e+00,-2.309401e+00,
6.211441e+00,2.135447e+00,
6.141288e+00,-6.162762e-01,
4.852470e+00,-1.616476e+00,
5.051492e+00,-4.124111e+00,
4.819963e+00,7.947606e-01,
4.643991e+00,-1.507433e+00,
7.232166e+00,6.200702e-01,
2.289541e+00,2.457512e+00,
7.168498e+00,-2.402628e+00,
5.376341e+00,5.619580e-01,
3.902491e+00,8.163316e-01,
5.486123e+00,-3.254253e+00,
5.014192e+00,-1.231020e+00,
5.038760e+00,1.034406e+00,
4.021559e+00,7.659341e-01,
6.282416e+00,3.532358e-01,
8.577834e+00,-5.114428e-01,
6.858632e+00,1.054214e+00,
3.410191e+00,-1.884565e+00,
5.388909e+00,-4.020486e-01,
5.139292e+00,-1.291872e+00,
3.722157e+00,-2.233560e+00,
6.004334e+00,1.243299e+00,
5.138651e+00,1.787664e+00,
5.525405e+00,-1.002161e+00,
6.595575e+00,-1.897366e+00,
8.167552e+00,1.657458e-02,
6.656753e+00,-2.073507e+00,
8.010155e+00,3.256223e+00,
6.235031e+00,1.296148e+00,
5.310121e+00,-1.085995e+00,
4.811611e+00,-1.054299e+00,
4.184777e+00,5.051286e-01,
3.410416e+00,5.635611e-01,
5.034566e+00,6.841978e-01,
4.380744e+00,1.041793e-01,
6.589124e+00,1.214141e+00,
4.320971e+00,-1.566055e+00,
6.973626e+00,5.995337e-01,
4.664911e+00,1.428286e+00,
5.853036e+00,-4.364602e-01,
5.237256e+00,7.171757e-01,
5.565485e+00,1.053530e+00,
5.278804e+00,-1.292568e+00,
5.741130e+00,1.322508e+00,
5.299439e+00,1.151420e-01,
7.233656e+00,-2.304316e-01,
4.149138e+00,-2.586633e+00,
3.807122e+00,-3.534107e-01,
3.695446e+00,1.717973e+00,
1.468717e+00,-1.641499e-01,
2.700258e+00,1.139229e+00,
5.951838e+00,-1.117688e+00,
5.145673e+00,8.979309e-01,
3.274986e+00,-4.320743e-01,
4.755767e+00,1.555424e+00,
4.677837e+00,-9.096989e-01,
7.843096e+00,-7.621464e-02,
9.383625e+00,1.845392e-01,
4.634722e+00,1.031437e+00,
3.236728e+00,2.406677e+00,
3.991319e+00,-1.088717e+00,
5.801891e+00,-4.529136e-01,
5.511277e+00,-8.608592e-01,
4.936300e+00,-1.712472e+00,
5.899422e+00,3.769720e+00,
7.282214e+00,-1.016830e+00,
5.537374e+00,8.117664e-01,
4.943595e+00,3.497004e+00,
4.475827e+00,1.952230e+00,
5.713022e+00,-4.216185e-01,
6.389280e+00,-7.983444e-01,
5.190866e+00,-9.684434e-01,
3.914806e+00,9.348860e-01,
4.301864e+00,-2.374293e-01,
3.095132e+00,6.395416e-01,
7.166089e+00,-2.724073e+00,
3.414565e+00,1.371240e+00,
6.554280e+00,2.451989e-02,
4.277045e+00,-1.068998e+00,
4.024497e+00,-2.198715e-01,
6.174933e+00,1.483918e+00,
3.368278e+00,-2.849436e-01,
5.391221e+00,8.541996e-01,
6.281292e+00,2.681990e+00,
5.341143e+00,-2.821026e-01,
9.320581e+00,1.159007e+00,
3.460650e+00,3.431282e+00,
6.929845e+00,-2.948728e-01,
5.073760e+00,-1.509596e-01,
6.270807e+00,-4.713226e-01,
6.041796e+00,4.810860e-01,
4.556787e+00,5.693889e-01,
4.645891e+00,2.108146e+00,
6.752288e+00,-1.379977e+00,
4.350975e+00,-3.051610e-01,
5.157369e+00,5.894492e-01,
4.103654e+00,2.271668e+00,
4.512786e+00,1.261347e-01,
6.050558e+00,-2.274609e+00,
5.449278e+00,6.505120e-01,
3.871599e+00,-1.510909e-01,
2.955233e+00,-3.000508e-01,
6.520253e+00,1.665279e+00,
4.812742e+00,1.098337e+00,
5.899571e+00,1.464638e+00,
5.120994e+00,-2.430833e+00,
6.211368e+00,3.543583e-01,
4.303928e+00,-1.303452e+00,
6.252985e+00,2.739479e+00,
4.434741e+00,-2.832864e+00,
2.973106e+00,1.541337e+00,
5.663507e+00,-1.183074e-01,
6.787061e+00,-1.145088e+00,
4.879652e+00,-1.644669e+00,
4.553643e+00,1.808240e+00,
5.917180e+00,-4.431855e-01,
2.079523e+00,3.133370e-01,
4.900880e+00,1.266514e-01,
4.009485e+00,8.331397e-01,
4.146232e+00,8.666881e-01,
3.239979e+00,1.783043e+00,
6.422055e+00,-1.319075e+00,
3.685119e+00,-2.584376e+00,
6.439853e+00,-2.246653e+00,
6.211039e+00,5.292944e-01,
6.528273e+00,-3.554381e-01,
5.587611e+00,2.580310e-01,
8.162246e+00,1.865169e+00,
5.075573e+00,-2.173884e+00,
6.049989e+00,8.098141e-01,
4.899565e+00,-9.465369e-02,
7.698885e+00,-3.088887e+00,
4.308134e+00,-2.503505e-02,
5.501471e+00,2.685582e-01,
5.660426e+00,-1.842358e+00,
5.108076e+00,3.585107e-01,
9.469488e+00,-1.773324e+00,
5.421446e+00,-8.965939e-01,
2.015181e+00,-1.027264e+00,
9.039999e+00,-4.914488e-01,
5.439492e+00,-2.053649e+00,
5.140815e+00,-1.974339e+00,
4.493229e+00,1.521696e+00,
5.548134e+00,3.685339e+00,
7.128842e+00,3.203290e-01,
6.760788e+00,3.437147e-02,
3.959612e+00,4.625260e-01,
5.024516e+00,1.765114e-01,
3.502197e+00,-1.522163e-01,
4.262181e+00,2.771317e+00,
4.679049e+00,5.808910e-01,
5.189253e+00,-5.601259e-01,
3.279556e+00,-1.805502e-01,
5.290037e+00,6.609100e-01,
7.403281e+00,1.490173e+00,
2.989172e+00,-1.267555e+00,
4.716122e+00,-1.331503e-01,
4.616637e+00,2.758090e+00,
4.825517e+00,1.032848e+00,
5.632513e+00,-6.908597e-01,
5.930902e+00,-2.272499e+00,
4.862499e+00,-6.447895e-01,
3.806484e+00,2.452717e+00,
4.702527e+00,-1.902441e+00,
5.362009e+00,-1.371217e+00,
4.161791e+00,1.085775e-01,
3.297496e+00,-2.029672e+00,
5.024395e+00,-1.140768e+00,
4.340052e+00,-7.052946e-01,
4.069989e+00,-1.468993e+00,
6.649397e+00,-3.623571e-01,
5.399762e+00,7.157695e-01,
6.054511e+00,4.957942e-01,
5.897896e+00,-2.932805e-01,
6.925251e+00,8.561981e-01,
5.651354e+00,1.598655e+00,
2.619435e+00,-8.566031e-01,
5.316282e+00,2.219516e+00,
5.811945e+00,-7.089227e-01,
6.090026e+00,9.662306e-02,
5.133274e+00,3.351531e-01,
6.638103e+00,-2.806573e-02,
5.792331e+00,-1.897120e+00,
3.913489e+00,-1.411697e+00,
2.874884e+00,-2.648931e-01,
6.365591e+00,2.948059e-01,
5.342099e+00,-2.173873e-01,
4.607828e+00,4.172609e-01,
5.152529e+00,9.162420e-02,
2.784167e+00,1.394486e-02,
5.904232e+00,-2.604885e+00,
5.244505e+00,-2.456771e+00,
6.591622e+00,2.355492e-02,
5.271566e+00,5.972895e-02,
2.943726e+00,-8.700705e-01,
3.965864e+00,-1.204517e+00,
5.086442e+00,6.971241e-01,
2.737253e+00,2.396010e+00,
6.589834e+00,-7.009473e-01,
6.489545e+00,-1.380191e+00,
7.438596e+00,1.070657e+00,
3.780085e+00,1.841533e-01,
4.717336e+00,-1.115884e+00,
4.741394e+00,-1.823264e+00,
5.488492e+00,-2.058348e+00,
5.813270e+00,-7.523923e-02,
4.680092e+00,-8.179371e-01,
4.170421e+00,-2.618725e-01,
6.436754e+00,-1.469072e+00,
5.347973e+00,-7.925499e-01,
2.871302e+00,7.088328e-01,
2.847135e+00,6.984828e-01,
4.530357e+00,1.525342e+00,
3.655241e+00,1.065775e-01,
7.513285e+00,-1.456738e+00,
3.578277e+00,2.382111e-01,
4.324261e+00,-1.416074e+00,
5.573114e+00,-2.443775e-01,
4.815050e+00,2.648088e+00,
5.835293e+00,2.120002e+00,
1.189046e+00,1.372030e+00,
6.514401e+00,-1.345412e+00,
7.011578e+00,-1.513430e-01,
3.778597e+00,-2.132149e-02,
2.777380e+00,6.867059e-01,
5.390374e+00,8.237797e-01,
3.333556e+00,-2.058078e-01,
5.228340e+00,4.557718e-01,
6.771026e+00,7.590074e-01,
7.408476e+00,-1.435000e+00,
6.259021e+00,-3.901897e-01,
5.161447e+00,-3.452149e-01,
4.432148e+00,8.565314e-01,
6.000892e+00,-2.108675e-01,
2.607695e+00,2.842989e+00,
4.499009e+00,1.727469e+00,
2.231770e+00,-6.384499e-01,
4.027961e+00,1.082008e+00,
4.471541e+00,-2.396237e+00,
5.202629e+00,-8.084655e-01,
3.602394e+00,-2.670088e+00,
6.341505e+00,-1.357560e+00,
3.710041e+00,4.580427e-01,
2.872077e+00,-3.219582e+00,
5.115307e+00,6.003536e-01,
7.754347e+00,4.719579e-01,
6.248972e+00,-3.779663e-01,
6.843733e+00,-8.664426e-01,
5.960443e+00,8.427997e-01,
6.281113e+00,2.951459e+00,
4.164361e+00,1.561464e+00,
4.495212e+00,-1.460446e+00,
6.543934e+00,-1.931065e+00,
1.997125e+00,1.834844e+00,
3.664839e+00,-5.600461e-01,
6.819357e+00,1.448233e+00,
4.954231e+00,2.607258e-01,
3.713331e+00,-7.155349e-01,
4.477729e+00,6.799880e-01,
5.247523e+00,7.715845e-01,
4.953779e+00,5.842977e-01,
4.903499e+00,7.228305e-01,
4.652515e+00,7.630065e-02,
4.345141e+00,-2.863611e-01,
6.647945e+00,7.306471e-01,
6.512528e+00,4.172749e-01,
5.744440e+00,8.379442e-01,
5.661726e+00,3.243858e+00,
3.251841e+00,-3.020744e-01,
4.382712e+00,2.254790e-01,
6.379725e+00,2.684556e+00,
4.031156e+00,-3.247631e-01,
3.834066e+00,1.630753e-02,
4.688259e+00,-1.543739e+00,
3.529353e+00,1.621029e+00,
4.746098e+00,2.939468e+00,
3.779530e+00,-1.150775e+00,
3.486945e+00,4.850394e-01,
1.431117e+00,1.210260e+00,
4.947776e+00,2.588694e-01,
4.270496e+00,-1.151871e+00,
4.328122e+00,8.298328e-01,
4.027766e+00,-5.568983e-01,
6.195769e+00,-2.721363e+00,
6.030651e+00,8.920874e-01,
6.204999e+00,6.371330e-01,
3.303946e+00,-2.023829e+00,
4.726722e+00,-2.848539e+00,
4.534782e+00,-1.055809e+00,
5.680359e+00,-4.904251e-01,
3.612476e+00,1.575366e-02,
3.510005e+00,1.232626e+00,
5.568875e+00,-1.347284e+00,
3.780452e+00,-1.161608e+00,
4.894166e+00,-1.908607e+00,
4.299227e+00,-3.176922e-01,
6.367667e+00,-2.834548e-01,
4.208115e+00,-1.789036e-01,
5.969903e+00,-1.366345e+00,
6.927214e+00,7.691953e-01,
6.037537e+00,-1.387323e+00,
2.315001e+00,-1.222506e+00,
5.176041e+00,-8.164812e-01,
6.214878e+00,-1.962533e+00,
2.916599e+00,-9.385797e-01,
4.119369e+00,1.876504e+00,
6.567672e+00,-4.215425e+00,
7.168857e+00,-1.022778e+00,
3.889991e+00,1.626729e+00,
7.524963e+00,-8.506219e-01,
5.631983e+00,6.733786e-01,
5.073192e+00,2.381077e+00,
3.477456e+00,-1.634802e+00,
4.260494e+00,-1.344927e+00,
6.490775e+00,5.081386e-01,
6.722910e+00,-1.418174e-01,
2.990196e+00,-9.460897e-01,
5.374069e+00,-6.508388e-02,
3.382519e+00,2.652930e+00,
3.800343e+00,-1.069882e+00,
4.500325e+00,1.213279e+00,
3.964390e+00,5.100606e-01,
4.583537e+00,-3.598422e-01,
6.258838e+00,-2.311447e+00,
3.177758e+00,6.659924e-01,
3.237643e+00,1.454650e+00,
5.024635e+00,1.773744e+00,
2.715901e+00,7.999744e-01,
3.822877e+00,-4.702097e-01,
2.877874e+00,-6.012254e-01,
4.208327e+00,7.560629e-01,
6.850802e+00,3.904065e+00,
7.473170e+00,3.865222e-02,
5.877794e+00,-1.987176e+00,
6.109389e+00,1.006669e-01,
4.835999e+00,-1.069457e+00,
4.408366e+00,1.513692e+00,
5.742482e+00,1.008369e+00,
3.985802e+00,4.461367e-01,
4.516783e+00,-2.705614e-01,
5.910040e+00,1.775594e+00,
3.018358e+00,-1.888669e-01,
3.571649e+00,2.635419e+00,
3.484586e+00,2.419856e+00,
4.261330e+00,1.399776e+00,
6.506767e+00,-3.085352e+00,
5.476716e+00,-4.375627e-01,
5.997238e+00,2.117709e+00,
4.131707e+00,4.817085e-01,
2.989907e+00,1.706635e-01,
8.117560e+00,2.650375e+00,
4.331812e+00,1.126588e+00,
5.405246e+00,-1.644547e+00,
4.677919e+00,-3.148532e+00,
3.477723e+00,8.300573e-01,
4.820400e+00,-1.625176e+00,
7.625508e+00,6.383217e-02,
5.791405e+00,-2.289651e-03,
3.176850e+00,-2.252085e+00,
5.975188e+00,-7.731074e-01,
5.277770e+00,-4.926913e-01,
5.326657e+00,1.601409e+00,
6.443303e+00,-1.533693e+00,
8.052046e+00,-3.060396e-01,
7.077375e+00,-1.668910e+00,
5.266685e+00,3.670568e+00,
5.933140e+00,4.989991e-01,
5.666251e+00,6.405497e-01,
3.196174e+00,-4.698562e-01,
3.734826e+00,-1.061311e+00,
3.052484e+00,7.064064e-01,
5.814608e+00,3.451191e+00,
4.863814e+00,1.425095e+00,
5.156293e+00,1.332188e+00,
4.305655e+00,-8.120995e-01,
1.481871e+00,5.151008e-01,
8.375090e+00,-1.617953e+00,
4.110292e+00,-2.075195e+00,
4.899582e+00,1.835505e-01,
2.748452e+00,-2.066998e+00,
5.245975e+00,1.722448e+00,
5.984400e+00,4.711892e-01,
6.242094e+00,1.829097e+00,
5.345727e+00,-2.224231e-02,
8.413696e+00,1.485037e+00,
3.926945e+00,-1.364411e+00,
6.750807e+00,-2.321439e-01,
4.402320e+00,-1.544556e+00,
6.835467e+00,-1.560844e-01,
5.413802e+00,5.377882e-01,
7.028336e+00,1.010210e+00,
2.071917e+00,-6.452134e-01,
3.661455e+00,1.760061e+00,
4.073324e+00,-3.818807e+00,
5.242626e+00,1.518111e+00,
2.995089e+00,3.014575e-02,
5.931445e+00,-1.626897e+00,
6.676271e+00,1.865792e+00,
4.915266e+00,1.050450e+00,
4.469197e+00,-8.844572e-01,
1.174367e+01,7.587321e+00,
1.031624e+01,6.103873e+00,
1.020661e+01,6.691703e+00,
1.004206e+01,5.554903e+00,
1.180862e+01,6.642836e+00,
8.005017e+00,8.016777e+00,
1.032681e+01,6.951640e+00,
1.234535e+01,3.244947e+00,
1.180475e+01,6.902056e+00,
1.240707e+01,6.765670e+00,
1.216940e+01,7.560933e+00,
1.110140e+01,8.774951e+00,
1.428841e+01,7.600668e+00,
1.102928e+01,8.888348e+00,
1.236210e+01,5.026711e+00,
1.368464e+01,9.200772e+00,
1.217983e+01,6.808976e+00,
1.439697e+01,5.220714e+00,
1.123677e+01,6.088109e+00,
1.136610e+01,4.454793e+00,
1.188083e+01,7.856921e+00,
9.614454e+00,1.050229e+01,
9.219323e+00,6.155030e+00,
1.441643e+01,8.184082e+00,
8.516042e+00,5.260001e+00,
1.145895e+01,4.969064e+00,
1.146116e+01,6.614817e+00,
1.171933e+01,7.344434e+00,
1.358684e+01,1.043143e+01,
1.489140e+01,6.428512e+00,
1.179234e+01,7.710859e+00,
1.256158e+01,6.401271e+00,
1.032643e+01,8.176338e+00,
1.221919e+01,8.797658e+00,
1.039369e+01,7.281619e+00,
1.249714e+01,6.009296e+00,
1.049182e+01,5.710508e+00,
1.279029e+01,1.034806e+01,
1.457077e+01,8.626544e+00,
1.003218e+01,4.180147e+00,
8.384250e+00,6.529571e+00,
9.401562e+00,7.562449e+00,
1.367359e+01,7.181657e+00,
1.098324e+01,7.089885e+00,
1.100034e+01,7.329687e+00,
1.157624e+01,5.594692e+00,
1.355549e+01,7.690062e+00,
9.502837e+00,3.310983e+00,
1.012592e+01,6.754482e+00,
1.249762e+01,6.056331e+00,
1.338333e+01,7.073173e+00,
1.014589e+01,5.220666e+00,
1.248934e+01,7.092555e+00,
1.013223e+01,8.209771e+00,
1.411679e+01,8.183272e+00,
9.713198e+00,6.417423e+00,
1.119006e+01,4.009718e+00,
1.172728e+01,6.747788e+00,
1.154525e+01,5.445325e+00,
9.074091e+00,5.191456e+00,
1.266252e+01,5.549084e+00,
1.390845e+01,7.962958e+00,
1.001465e+01,7.294249e+00,
1.052526e+01,9.231784e+00,
1.088488e+01,6.153882e+00,
1.035771e+01,7.233828e+00,
1.087647e+01,7.007644e+00,
1.083448e+01,9.503759e+00,
1.076863e+01,4.524271e+00,
1.357479e+01,4.352519e+00,
1.306614e+01,5.434597e+00,
7.892206e+00,7.198361e+00,
1.325488e+01,8.409886e+00,
1.082459e+01,5.649764e+00,
1.108124e+01,8.769952e+00,
1.310988e+01,6.872070e+00,
1.073485e+01,3.919962e+00,
1.056677e+01,6.970285e+00,
1.055539e+01,5.161058e+00,
9.961406e+00,3.466247e+00,
1.159748e+01,7.084028e+00,
9.026459e+00,8.347584e+00,
1.109384e+01,5.169323e+00,
1.031287e+01,8.894743e+00,
1.267604e+01,7.840870e+00,
1.323377e+01,5.955801e+00,
1.031951e+01,8.495340e+00,
1.159000e+01,3.874856e+00,
1.121140e+01,4.597946e+00,
1.210370e+01,7.076938e+00,
9.604563e+00,1.028650e+01,
1.224897e+01,1.041091e+01,
7.404695e+00,7.579534e+00,
1.197914e+01,7.741444e+00,
8.244449e+00,7.371969e+00,
1.187936e+01,8.735997e+00,
8.786065e+00,5.901358e+00,
1.138066e+01,1.004405e+01,
1.279611e+01,4.943360e+00,
1.096637e+01,6.574497e+00,
1.280726e+01,6.285266e+00,
1.041508e+01,8.580870e+00,
1.091888e+01,4.875608e+00,
1.002884e+01,6.100696e+00,
9.524849e+00,8.444356e+00,
1.064266e+01,7.633612e+00,
8.819528e+00,8.052632e+00,
1.078688e+01,7.446301e+00,
1.502260e+01,1.127018e+01,
1.289673e+01,5.813713e+00,
1.007751e+01,5.313198e+00,
1.205066e+01,7.366149e+00,
1.246399e+01,8.179701e+00,
1.073824e+01,4.252644e+00,
1.077685e+01,5.257524e+00,
9.252640e+00,6.715759e+00,
9.616662e+00,4.585138e+00,
9.843936e+00,4.434083e+00,
9.081331e+00,5.124696e+00,
1.289708e+01,4.437297e+00,
1.048742e+01,8.528284e+00,
1.120054e+01,6.802924e+00,
1.160142e+01,5.195612e+00,
1.140528e+01,6.659857e+00,
1.217881e+01,8.298594e+00,
9.418683e+00,5.634670e+00,
7.913502e+00,5.695518e+00,
1.063456e+01,5.055721e+00,
1.075819e+01,7.352008e+00,
9.057979e+00,8.268469e+00,
1.169712e+01,9.561153e+00,
1.341052e+01,7.195038e+00,
1.201126e+01,7.383430e+00,
9.521133e+00,6.043441e+00,
1.417256e+01,6.081341e+00,
1.071014e+01,7.794114e+00,
1.203749e+01,6.467447e+00,
1.200222e+01,4.287529e+00,
1.314008e+01,6.750764e+00,
9.190131e+00,1.050052e+01,
1.051171e+01,5.331736e+00,
1.048461e+01,8.577227e+00,
1.023933e+01,4.003093e+00,
1.175859e+01,5.845299e+00,
1.239235e+01,8.948699e+00,
1.348460e+01,7.933073e+00,
1.503707e+01,6.087956e+00,
1.031097e+01,9.672623e+00,
1.055453e+01,7.201588e+00,
8.271115e+00,5.985581e+00,
1.007506e+01,6.994999e+00,
9.549390e+00,8.364518e+00,
1.279022e+01,2.376178e+00,
1.154272e+01,6.001442e+00,
8.399276e+00,8.738003e+00,
1.254808e+01,6.950508e+00,
1.136218e+01,5.823504e+00,
9.658924e+00,7.491831e+00,
1.138549e+01,3.365323e+00,
1.326338e+01,6.214047e+00,
9.617870e+00,7.904771e+00,
1.138478e+01,6.504075e+00,
1.377125e+01,8.301834e+00,
1.074653e+01,4.584677e+00,
1.025937e+01,4.335298e+00,
9.966522e+00,5.789270e+00,
1.267165e+01,4.076671e+00,
1.218094e+01,8.777384e+00,
1.238161e+01,9.735398e+00,
1.095888e+01,9.350407e+00,
1.374515e+01,3.825457e+00,
9.634552e+00,7.602136e+00,
1.291575e+01,7.872374e+00,
1.127383e+01,5.614471e+00,
7.937266e+00,1.039688e+01,
1.278240e+01,3.217643e+00,
1.064048e+01,7.548922e+00,
1.173472e+01,5.401214e+00,
1.029437e+01,7.629510e+00,
9.005376e+00,6.383672e+00,
1.149950e+01,8.794013e+00,
8.714691e+00,5.424450e+00,
1.265051e+01,9.156832e+00,
9.276526e+00,6.501964e+00,
1.121061e+01,5.262076e+00,
1.058533e+01,5.206366e+00,
1.298349e+01,1.018752e+01,
1.003253e+01,5.732133e+00,
9.780277e+00,5.189491e+00,
8.390080e+00,7.007197e+00,
1.178181e+01,6.520873e+00,
1.521278e+01,7.123686e+00,
1.241213e+01,1.109349e+01,
1.193400e+01,6.978557e+00,
1.010322e+01,5.088015e+00,
1.157439e+01,8.552013e+00,
7.679907e+00,8.714633e+00,
1.282419e+01,7.103136e+00,
1.136089e+01,5.649776e+00,
8.862020e+00,5.642425e+00,
1.195477e+01,4.871641e+00,
1.040901e+01,3.076773e+00,
1.414168e+01,8.784238e+00,
9.360393e+00,6.732103e+00,
1.131645e+01,4.396072e+00,
1.168138e+01,9.764037e+00,
1.151113e+01,4.802887e+00,
1.118569e+01,7.628217e+00,
9.331095e+00,5.417331e+00,
9.113085e+00,5.838319e+00,
9.931319e+00,5.395458e+00,
9.065561e+00,9.263878e+00,
1.257661e+01,8.539117e+00,
1.055794e+01,1.033110e+01,
7.729361e+00,6.530105e+00,
1.148076e+01,6.455607e+00,
7.111552e+00,5.923391e+00,
1.074798e+01,8.315431e+00,
1.133189e+01,7.895081e+00,
9.740984e+00,6.629597e+00,
1.217603e+01,6.194216e+00,
7.129196e+00,6.703107e+00,
1.418281e+01,5.486464e+00,
1.056885e+01,9.853987e+00,
1.188311e+01,7.239559e+00,
1.000294e+01,4.186015e+00,
1.035086e+01,5.643645e+00,
1.098874e+01,7.978137e+00,
1.163627e+01,6.998897e+00,
1.195865e+01,6.784223e+00,
1.382547e+01,6.853478e+00,
1.547393e+01,5.517124e+00,
1.003449e+01,5.832433e+00,
1.384994e+01,7.512552e+00,
1.277554e+01,8.154886e+00,
1.021235e+01,6.576923e+00,
1.062681e+01,8.127707e+00,
9.372887e+00,9.027937e+00,
8.747387e+00,7.645474e+00,
9.950877e+00,9.175400e+00,
1.013613e+01,3.786383e+00,
9.976601e+00,8.026459e+00,
1.049428e+01,5.308541e+00,
1.071865e+01,7.690462e+00,
1.347828e+01,9.331285e+00,
1.057286e+01,7.783484e+00,
1.355520e+01,5.390941e+00,
9.965151e+00,7.621504e+00,
1.305074e+01,5.995399e+00,
1.085726e+01,8.769428e+00,
9.773907e+00,6.686182e+00,
1.010531e+01,5.765735e+00,
1.171413e+01,7.346061e+00,
1.212313e+01,7.373698e+00,
1.089365e+01,5.533017e+00,
1.167098e+01,7.466221e+00,
1.074010e+01,1.095800e+01,
8.810677e+00,5.147715e+00,
1.485622e+01,3.584248e+00,
1.133043e+01,8.767256e+00,
9.711550e+00,6.172011e+00,
1.143308e+01,7.481377e+00,
1.167198e+01,6.359488e+00,
1.369878e+01,8.257352e+00,
1.160506e+01,5.019307e+00,
1.011881e+01,6.116792e+00,
9.079619e+00,9.566200e+00,
7.907556e+00,1.009181e+01,
9.216958e+00,6.944871e+00,
9.626239e+00,4.984815e+00,
1.132485e+01,1.060634e+01,
7.009850e+00,7.444774e+00,
9.779783e+00,4.434225e+00,
1.129901e+01,7.202438e+00,
1.199159e+01,5.824557e+00,
7.625033e+00,5.698357e+00,
1.060608e+01,8.673519e+00,
1.119894e+01,6.970870e+00,
8.042793e+00,5.780817e+00,
1.252210e+01,7.066528e+00,
1.261333e+01,7.691245e+00,
9.500970e+00,3.612714e+00,
1.294614e+01,7.581411e+00,
1.046071e+01,6.170812e+00,
1.102318e+01,4.635463e+00,
1.209026e+01,3.768818e+00,
8.912283e+00,8.077751e+00,
7.956792e+00,8.829872e+00,
8.815763e+00,1.684808e+00,
1.196354e+01,1.168412e+01,
1.249535e+01,7.283003e+00,
7.926312e+00,5.520603e+00,
1.113477e+01,4.086577e+00,
9.578937e+00,5.510389e+00,
1.145801e+01,7.809086e+00,
1.306874e+01,6.437356e+00,
1.569401e+01,6.009670e+00,
1.160297e+01,6.006117e+00,
1.256337e+01,7.966875e+00,
1.198584e+01,6.002653e+00,
1.060741e+01,7.823926e+00,
8.787697e+00,6.618192e+00,
9.180473e+00,4.429650e+00,
1.086772e+01,8.884795e+00,
1.093275e+01,5.446180e+00,
1.106945e+01,7.397942e+00,
1.140126e+01,8.342867e+00,
8.030833e+00,6.063997e+00,
1.216648e+01,9.561629e+00,
7.749786e+00,7.455614e+00,
1.292730e+01,6.570855e+00,
1.225707e+01,8.105328e+00,
1.035238e+01,6.274571e+00,
1.206624e+01,4.813577e+00,
1.233174e+01,7.297253e+00,
1.185154e+01,5.003327e+00,
8.949548e+00,4.635871e+00,
1.084977e+01,1.157916e+01,
1.211296e+01,5.556040e+00,
1.069512e+01,5.293302e+00,
1.137101e+01,4.304697e+00,
1.035169e+01,6.921996e+00,
1.217156e+01,7.492638e+00,
1.154843e+01,7.670586e+00,
1.221343e+01,5.874778e+00,
8.479923e+00,1.010945e+01,
9.020078e+00,7.719586e+00,
1.400501e+01,5.566691e+00,
9.241992e+00,4.995683e+00,
1.100382e+01,1.799272e+00,
7.300596e+00,1.062914e+01,
1.100391e+01,4.561422e+00,
1.033707e+01,6.467159e+00,
1.122902e+01,6.904184e+00,
1.314096e+01,4.023320e+00,
9.693637e+00,5.906082e+00,
1.143470e+01,8.097681e+00,
1.264705e+01,5.612161e+00,
6.656847e+00,8.379457e+00,
9.872325e+00,6.420747e+00,
1.444007e+01,1.043004e+01,
1.299044e+01,9.206569e+00,
1.046869e+01,6.749031e+00,
1.373773e+01,4.977192e+00,
8.470617e+00,6.936565e+00,
1.317213e+01,7.323230e+00,
9.114661e+00,3.601069e+00,
1.120226e+01,5.389958e+00,
1.276284e+01,5.350382e+00,
1.040515e+01,9.201704e+00,
8.554495e+00,7.435215e+00,
9.860104e+00,6.933172e+00,
1.040537e+01,8.120403e+00,
9.281628e+00,3.485704e+00,
1.067494e+01,7.300333e+00,
1.114524e+01,7.581930e+00,
1.131144e+01,7.598810e+00,
1.017483e+01,8.456713e+00,
9.385564e+00,4.944445e+00,
1.116997e+01,5.019281e+00,
9.976237e+00,7.777317e+00,
1.540747e+01,9.344210e+00,
1.047590e+01,4.620938e+00,
9.940643e+00,8.506863e+00,
1.205181e+01,3.621654e+00,
8.757297e+00,7.514720e+00,
1.028701e+01,2.809503e+00,
1.190678e+01,6.066381e+00,
9.926103e+00,9.263897e+00,
1.085606e+01,8.272994e+00,
1.209591e+01,9.681070e+00,
1.210125e+01,5.051530e+00,
1.354320e+01,4.975675e+00,
9.801411e+00,6.288983e+00,
1.049100e+01,7.089922e+00,
1.217911e+01,4.618159e+00,
9.808822e+00,8.488772e+00,
1.264706e+01,8.131289e+00,
1.050941e+01,4.659978e+00,
1.029725e+01,5.350311e+00,
1.209241e+01,6.338873e+00,
1.218900e+01,8.285221e+00,
1.061579e+01,4.362819e+00,
1.248467e+01,9.082967e+00,
1.096146e+01,4.171921e+00,
9.269058e+00,8.275588e+00,
1.136632e+01,9.156835e+00,
9.115062e+00,1.121509e+01,
8.252678e+00,7.940700e+00,
9.571113e+00,6.800131e+00,
9.208885e+00,7.322238e+00,
1.282119e+01,6.105207e+00,
1.148182e+01,6.243954e+00,
9.717182e+00,7.259215e+00,
9.253245e+00,8.555877e+00,
1.117589e+01,8.703285e+00,
1.162019e+01,7.571121e+00,
1.243532e+01,8.340299e+00,
1.205584e+01,6.209132e+00,
9.441304e+00,5.599872e+00,
1.077783e+01,5.138178e+00,
7.154949e+00,4.298866e+00,
1.047489e+01,7.444205e+00,
1.041238e+01,8.446573e+00,
1.308720e+01,7.565926e+00,
1.370697e+01,6.845135e+00,
9.886336e+00,8.751814e+00,
8.065083e+00,7.130879e+00,
1.140740e+01,5.770424e+00,
1.088894e+01,6.305555e+00,
1.163793e+01,6.378530e+00,
1.137695e+01,8.039936e+00,
1.043536e+01,7.003637e+00,
1.175993e+01,9.567089e+00,
9.396731e+00,9.848828e+00,
1.105095e+01,8.107743e+00,
1.066394e+01,7.460692e+00,
1.124717e+01,7.283120e+00,
1.162892e+01,8.161743e+00,
1.044597e+01,8.101467e+00,
9.524299e+00,6.597525e+00,
9.415710e+00,9.282305e+00,
1.212888e+01,6.650464e+00,
1.081362e+01,7.242105e+00,
9.959230e+00,6.244009e+00,
1.072179e+01,5.530459e+00,
1.111539e+01,5.748455e+00,
1.188127e+01,7.869940e+00,
1.029546e+01,3.899830e+00,
1.132341e+01,6.224562e+00,
1.068878e+01,8.670093e+00,
9.989073e+00,7.056614e+00,
1.408997e+01,7.150214e+00,
1.062686e+01,9.090988e+00,
1.162245e+01,9.011723e+00,
8.938779e+00,9.019288e+00,
9.700553e+00,7.343304e+00,
1.290814e+01,7.260708e+00,
1.470039e+01,7.830797e+00,
1.057559e+01,5.756053e+00,
1.231290e+01,9.247019e+00,
1.090084e+01,7.126900e+00,
1.067983e+01,6.873585e+00,
1.211938e+01,6.826652e+00,
1.326410e+01,8.583640e+00,
8.077760e+00,8.242701e+00,
1.257293e+01,8.025709e+00,
1.233742e+01,6.806694e+00,
1.085837e+01,4.321532e+00,
8.743071e+00,5.486082e+00,
1.196887e+01,6.305735e+00,
1.237938e+01,7.902207e+00,
1.162257e+01,7.229079e+00,
1.088253e+01,9.941574e+00,
1.039718e+01,3.386312e+00,
1.198602e+01,8.180858e+00,
1.231982e+01,6.779678e+00,
8.093462e+00,5.387979e+00,
1.122555e+01,4.064443e+00,
9.513927e+00,6.883865e+00,
8.920255e+00,9.725234e+00,
1.046082e+01,5.570123e+00,
1.082266e+01,9.843350e+00,
8.902506e+00,6.902461e+00,
1.065921e+01,8.563268e+00,
9.845225e+00,8.314503e+00,
8.362993e+00,4.914711e+00,
1.254102e+01,7.534765e+00,
1.001703e+01,5.776436e+00,
1.171334e+01,4.984580e+00,
1.086612e+01,5.393852e+00,
9.817748e+00,7.900432e+00,
1.189255e+01,8.821470e+00,
1.036526e+01,6.402486e+00,
1.139219e+01,6.510054e+00,
1.193088e+01,9.817256e+00,
9.577354e+00,9.226518e+00,
8.133944e+00,8.902877e+00,
1.361317e+01,7.400640e+00,
1.063767e+01,7.373529e+00,
1.269678e+01,5.290072e+00,
1.228146e+01,8.792656e+00,
1.236325e+01,8.642562e+00,
1.314228e+01,6.982593e+00,
1.200112e+01,6.725116e+00,
1.029520e+01,5.891372e+00,
8.939978e+00,8.645304e+00,
9.105917e+00,5.858436e+00,
1.270082e+01,7.263881e+00,
8.445849e+00,9.300473e+00,
6.942414e+00,7.062473e+00,
1.155945e+01,7.296253e+00,
1.012974e+01,6.301853e+00,
1.096825e+01,5.009180e+00,
1.137495e+01,6.293146e+00,
1.271325e+01,5.504056e+00,
9.817465e+00,5.092771e+00,
1.224830e+01,9.189267e+00,
1.196263e+01,7.618884e+00,
1.067360e+01,6.795063e+00,
